
-95.8002  -33.2526  256.1074

  -13.2472   75.4476  424.9809


ans =

  -82.5530 -108.7002 -168.8735

=============================

  104.7117  397.0017 tip1

   73.0432   37.6001 tip2

  -96.5435  -30.6863  256.5240  world_tip

projctedback_i2
  246.1667
  109.5181
    1.0000


projectedPoints =

  246.1667  109.5181

==============================
  329.3377  148.0719

  607.7267  268.8544

  -12.9356   74.3695  424.0296

  427.4350
  315.4951
    1.0000


projectedPoints =

  427.4350  315.4951

